1, 882 883 1764 70 50 26;
2, 187 248.059998 248.660004 88 50 30;
3, 97.989998 98.199997 248.059998 92 50 24;
4, 220.5 221 882 86 48 30;
5, 464.579987 465 783.98999 70 64 66;
trans5Ray, 882 883 1176 30 50 40;
6, 882 883 1176 20 40 36;
*D, 882 883 1764 70 50 26;
*E, 187 248.059998 248.660004 88 50 30;
*E7, 111 592 789.330017 88 78 58;
*G7, 696.888 1176 1393.776001 68 58 58;
*A, 220.5 221 882 86 48 30;
*A7, 261.333008 784 73.5 88 78 92;
*C, 196 261.399994 784 70 64 66;
*B7, 220.5 372.093994 441 88 88 88;
*B, 496.125 991.820007 1488.400024 88 68 48;
*F7, 82.686996 1393.776001 522.666016 92 46 78;
*B@, 261.333313 522.666626 696.888 88 78 68;
*E@, 464.59201 929.184021 929.799988 88 68 68;
*E@7, 929.184021 464.59201 1858.368042 78 88 38;
*A@, 309.727997 2477.823975 206.485001 88 48 88;
*D@, 619.455994 139.534882 825.941284 38 58 58;
*G@, 744.187012 372.093994 1488.375 78 88 58;
*E2, 124.03125 496.125 1984.5 88 68 38;
*G@dn7, 372.092987 558.138977 1116.277954 88 78 48;
*F, 348.444 696.888 261.333313 88 78 92;
*D7, 130.666595 441 1322.5 88 78 48;
*C#F#G#, 367.48999 367.98999 413.440002 90 60 80;
*C#D#G#, 367.200012 367.48999 413.440002 90 60 80;
*C@, 557.5 124.07 735 38 58 58;
*D@C@, 619.455994 139.534882 825.941284 38 58 58;
