1, 73.5 73.699997 294 60 60 69;
2, 124.059998 124.260002 1959.599976 80 66 36;
3, 97.989998 98.199997 294 90 90 30;
4, 147 147.600006 441 90 90 30;
5, 348.440002 391.98999 392.200012 90 90 30;
trans5Ray, 294 294.600006 441 90 90 40;
6, 294 294.600006 441 90 90 40;
*D, 73.5 73.699997 294 90 90 99;
*E, 124.059998 124.260002 1959.599976 90 90 30;
*E7, 588 589.200012 784.200012 66 56 48;
*G7, 196 261.333313 696.888 88 78 58;
*A, 147 147.600006 441 90 90 30;
*A7, 220.5 261.333313 196 88 68 88;
*C, 65.400002 261.600006 784 90 90 30;
*B7, 248.0625 882 441 88 58 68;
*B, 496.125 372.092987 744.1875 78 88 58;
*F7, 348.444 130.666595 522.666626 76 86 56;
*B@, 174.222 261.333313 696.888 88 78 58;
*E@, 154.863998 464.59201 929.184021 88 78 58;
*E@7, 412.970673 232.296005 929.184021 88 78 58;
*A@, 206.485336 309.727997 619.455994 86 86 66;
*D@, 138.600006 278 825.549988 86 86 56;
*G@, 139.534882 372.092987 744.1875 86 66 56;
*E2, 248.100006 661.299988 744.200012 88 78 68;
*G@dn7, 186.399994 372.799988 248.300003 88 88 78;
*F, 87.199997 348.799988 261.600006 92 82 86;
*D7, 110.099998 440.399994 1321.199951 92 82 48;
*C#F#G#, 826.869995 1112 1115 44 66 88;
*C#D#G#, 557.5 367.48999 734.98999 44 66 88;
*C@, 124.029999 248.059998 734.98999 86 86 56;
*D@*C@, 138.600006 278 825.549988 86 86 56;
