1, 588 589 882 90 76 54;
2, 165.369995 166.770004 496.890015 80 66 34;
3, 97.989998 98.199997 196 90 80 44;
4, 441 441.600006 661.5 90 76 44;
5, 348.440002 464.579987 465 90 80 44;
trans5Ray, 588 588.599976 1764 90 80 44;
6, 588 588.599976 1764 58 40 20;
*D, 588 589 882 90 76 54;
*E, 165.369995 166.770004 496.890015 90 76 44;
*E7, 110.260002 661.400024 1323 88 78 58;
*G7, 392 1176 98 88 68 92;
*A, 441 441.600006 661.5 90 76 44;
*A7, 73.5 882 784 88 68 68;
*C, 196 784 98 90 44 90;
*B7, 124.031197 220.5 496.125 88 88 78;
*B, 124.030998 372.093994 992.25 88 88 78;
*F7, 174.222 522.666016 619.455994 88 78 78;
*B@, 174.222 232.296005 696.888 88 88 68;
*E@, 77.431999 232.296005 929.184021 92 88 68;
*E@7, 77.431999 206.485001 464.59201 88 88 78;
*A@, 309.727997 103.242996 154.863998 78 88 88;
*D@, 154.863998 103.242996 825.941345 88 88 38;
*G@, 372.093689 309.727997 744.187012 88 88 78;
*E2, 248.0625 661.25 744.1875 88 78 68;
*G@dn7, 186.300003 372.600006 248.199997 90 98 98;
*F, 174.649994 348.899994 524.25 92 82 72;
*D7, 147 588 661.25 92 78 72;
*C#F#G#, 557.5 734.98999 826.869995 80 56 50;
*C#D#G#, 278.75 367.48999 557.799988 80 56 50;
*C@, 139.369995 91.870003 734.98999 88 88 38;
*D@*C@, 139.369995 91.870003 734.98999 88 88 38;
